0.1815
-0.0121
0.5256
0.3260
0.0744
-0.1046
0.4372
0.1206
0.0034
0.2664
-0.0881
0.2261
0.1642
0.1240
-0.0997
0.2380
0.1081
-0.0824
0.0356
0.1422
0.1876
-0.1431
-0.2590
0.3700
0.2383
-0.0698
0.0651
0.1852
0.3174
-0.0470
0.2042
0.2234
0.0615
0.3124
0.1849
0.0581
0.1654
0.3148
-0.0306
0.3023
0.0749
0.0997
0.0133
0.3720
0.2268
0.3310
0.2834
0.2089
-0.0903
-0.1185
-0.2197
0.2836
0.1074
0.0483
0.1561
0.0548
-0.3655
0.2594
0.1482
0.0210
0.1589
0.3215
